[Common]
thresh_val = 130
blur_ksize = 5, 5
area_min = 13000
ellipse_area_min = 15000
axis_ratio_range = 0.8, 1.5
tolerance = 25
ui_offest_x = 0
ui_offest_z = 0

[Common2]
offset_z5 = 202
plc_addr5 = 100
offset_z4 = 20
plc_addr4 = 100
offset_z = 20
plc_addr = 100
offset_z1 = 20
plc_addr1 = 100
offset_z2 = 20
plc_addr2 = 100
offset_z3 = 20
plc_addr3 = 100

[Comonc]
coeff2 = 0.512
offset_x1 = 10

[Comog]
coeff2 = 0.512
offset_x1 = 10

[Comohh]
coeff2 = 0.512
offset_x1 = 10

[Comommm]
coeff2 = 0.512
offset_x1 = 10

[Comnaa]
coeff1 = 0.5
offset_x1 = 1025

[Calib]
a = -0.065387
b = -0.000034
c = 164.312256
d = -0.000219
e = -0.065641
f = -297.977692
homex = 0
homez = 0

[Camera]
index = 1
timeout = 2000

[Plc]
host = 192.168.0.10
port = 502
slaveid = 5
startaddr = 760

